nv 0 0 0 0
0 48 18 59
1 49 21 66
2 50 24 74
3 52 27 81
4 53 30 88
5 54 33 95
6 55 35 101
7 56 38 108
8 57 41 114
9 58 44 121
10 59 47 127
11 60 50 133
12 60 53 139
13 61 55 145
14 62 58 150
15 63 61 156
16 64 64 161
17 64 67 166
18 65 69 171
19 65 72 176
20 66 75 181
21 67 78 186
22 67 80 190
23 67 83 194
24 68 86 199
25 68 88 203
26 69 91 206
27 69 94 210
28 69 96 214
29 69 99 217
30 70 102 221
31 70 104 224
32 70 107 227
33 70 109 230
34 70 112 232
35 70 115 235
36 70 117 237
37 70 120 240
38 70 122 242
39 70 125 244
40 70 127 246
41 70 130 248
42 69 132 249
43 69 135 251
44 69 137 252
45 68 140 253
46 67 142 253
47 66 145 254
48 65 147 254
49 64 150 254
50 63 152 254
51 62 155 254
52 60 157 253
53 59 160 252
54 57 162 252
55 56 165 251
56 54 168 249
57 52 170 248
58 51 172 246
59 49 175 245
60 47 177 243
61 45 180 241
62 43 182 239
63 42 185 237
64 40 187 235
65 38 189 233
66 37 192 230
67 35 194 228
68 33 196 225
69 32 198 223
70 30 201 220
71 29 203 218
72 28 205 215
73 27 207 212
74 26 209 210
75 25 211 207
76 24 213 204
77 24 215 202
78 23 217 199
79 23 218 196
80 23 220 194
81 23 222 191
82 24 224 189
83 24 225 186
84 25 227 184
85 26 228 182
86 27 229 180
87 29 231 177
88 30 232 175
89 32 233 172
90 34 235 169
91 36 236 166
92 39 237 163
93 41 238 160
94 44 239 157
95 47 240 154
96 50 241 151
97 53 243 148
98 56 244 145
99 59 244 141
100 63 245 138
101 66 246 135
102 70 247 131
103 74 248 128
104 77 249 124
105 81 249 121
106 85 250 118
107 89 251 114
108 93 251 111
109 97 252 108
110 101 252 104
111 105 253 101
112 109 253 98
113 113 253 95
114 116 254 92
115 120 254 89
116 124 254 86
117 128 254 83
118 132 254 80
119 135 254 77
120 139 254 75
121 142 254 72
122 146 254 70
123 149 254 68
124 152 254 66
125 155 253 64
126 158 253 62
127 161 252 61
128 164 252 59
129 166 251 58
130 169 251 57
131 172 250 55
132 174 249 55
133 177 248 54
134 179 248 53
135 182 247 53
136 185 245 52
137 187 244 52
138 190 243 52
139 192 242 51
140 195 241 51
141 197 239 51
142 200 238 51
143 202 237 51
144 205 235 52
145 207 234 52
146 209 232 52
147 212 231 53
148 214 229 53
149 216 227 53
150 218 226 54
151 221 224 54
152 223 222 54
153 225 220 55
154 227 218 55
155 229 216 56
156 231 215 56
157 232 213 56
158 234 211 57
159 236 209 57
160 237 207 57
161 239 205 57
162 240 203 58
163 242 200 58
164 243 198 58
165 244 196 58
166 246 194 58
167 247 192 57
168 248 190 57
169 249 188 57
170 249 186 56
171 250 183 55
172 251 181 55
173 251 179 54
174 252 176 53
175 252 174 52
176 253 171 51
177 253 169 50
178 253 166 49
179 253 163 48
180 254 161 47
181 254 158 46
182 254 155 45
183 254 152 44
184 253 149 43
185 253 146 41
186 253 143 40
187 253 140 39
188 252 137 38
189 252 134 36
190 251 131 35
191 251 128 34
192 250 125 32
193 250 122 31
194 249 119 30
195 248 116 28
196 247 113 27
197 247 110 26
198 246 107 24
199 245 104 23
200 244 101 22
201 243 99 21
202 242 96 20
203 241 93 19
204 239 90 17
205 238 88 16
206 237 85 15
207 236 82 14
208 234 80 13
209 233 77 13
210 232 75 12
211 230 73 11
212 229 70 10
213 227 68 10
214 226 66 9
215 224 64 8
216 222 62 8
217 221 60 7
218 219 58 7
219 217 56 6
220 215 54 6
221 214 52 5
222 212 50 5
223 210 48 5
224 208 47 4
225 206 45 4
226 203 43 3
227 201 41 3
228 199 40 3
229 197 38 2
230 195 36 2
231 192 35 2
232 190 33 2
233 187 31 1
234 185 30 1
235 182 28 1
236 180 27 1
237 177 25 1
238 174 24 1
239 172 22 1
240 169 21 1
241 166 20 1
242 163 18 1
243 160 17 1
244 157 16 1
245 154 14 1
246 151 13 1
247 148 12 1
248 145 11 1
249 142 10 1
250 139 9 1
251 135 8 1
252 132 7 1
253 129 6 2
254 125 5 2
255 122 4 2
